37.67198
16.24925
28.04565
26.57658
39.13010
20.22859
31.38448
27.58261
42.36623
22.19418
31.24773
29.17602
41.77439
21.73008
30.87790
26.67315
38.52423
16.99048
27.90165
27.21114
39.22397
20.93214
33.06393
32.29547
44.36049
23.47654
31.95985
28.69625
41.49359
20.97081
30.10539
28.25823
40.72206
20.81368
29.83129
25.45749
38.64639
19.48170
30.00438
27.19488
38.92138
21.14991
32.09366
29.30160
42.07487
20.29731
30.26898
28.39580
41.36166
21.58549
30.27647
26.54929
37.72704
20.48427
32.02050
25.67142
36.34630
18.37132
28.72705
24.62581
38.81379
21.42560
31.26963
27.12217
39.85687
20.91639
31.42553
30.74427
43.85967
22.84731
31.52505
28.47924
40.82280
20.43580
30.06242
28.38264
41.92465
21.94850
32.18479
28.41580
39.94135
22.19642
33.23566
29.63091
41.16405
20.29924
29.59128
27.50142
40.22597
21.69724
31.96993
29.54093
42.15090
20.76296
29.35269
27.44582